version https://git-lfs.github.com/spec/v1
oid sha256:c740f4912dc00637ebc368681ea9067146971c7bba7626c3d6b37115ee82a321
size 6893086
